03000000031002000331321121221211221231131130132131
01000000101100010033123323223213223233313313103313
01300000111120200300123323323323333323313310010323
03100000011120203030331121121113222122130130030131
00120000001022200303321321321321321321131131131131
00020000020002200300321321321121321121131133120131
01300000101120200033133323223322232333313333010310
00100000111120200330123111211211211211330330331301
00000010113102200000321333333223223333310313313311
00020000011122200000123323123123123123303313303311
00300000000122203330323333333333233233110103110110
00020000110122203330121123123323123333313313322313
03100000111100003313311121221212222212131130300133
00300000103122203330323333333233333233113103110110
00300000111120203330323333333133223233313110100310
03100030023320200313221121121111222122131121020110
01000000111102203333333233333223223233113103203113
03000000111100203333122211111211221221301131300300
00020000101122203303311321123321121121131133103301
33320000130122203333232232232232232222130130111130
00020030010022220330121123123123121122313313310313
00020003000222220333121123323123123321111100303111
03100200313020100323321121121111312122133103221133
01300011111103203333123323221123213233333313303310
